                            avgR            n             t        
period                       dev    oos   dev   oos     dev     oos
series     sleeve                                                  
AUDJPY-M15 S1_BoxReclaim  -0.172 -0.201  2120  1864 -14.361 -16.183
           S2_OpenExhaust -0.313 -0.279   269   234  -6.228  -5.465
           S3_IBBreak     -0.222 -0.259  2525  2431 -14.657 -18.675
           S4_OpenRetest  -0.273 -0.296  2777  2105 -17.187 -16.789
           S5_LevelSweep  -0.214 -0.248  1364  1109 -10.020 -11.050
AUDUSD-M15 S1_BoxReclaim  -0.117 -0.127  2023  1773  -9.637  -9.486
           S2_OpenExhaust -0.151 -0.235   310   274  -3.016  -4.643
           S3_IBBreak     -0.169 -0.199  3211  3067 -12.230 -14.486
           S4_OpenRetest  -0.214 -0.190  2917  2326 -12.232 -10.261
           S5_LevelSweep  -0.135 -0.207  1416  1336  -5.950  -9.428
BTCUSD-M1  S1_BoxReclaim  -0.093 -0.052  1907  2363  -6.625  -4.318
           S2_OpenExhaust -0.093 -0.149   638   979  -1.957  -4.127
           S3_IBBreak     -0.193 -0.137  5720  5296 -14.130 -11.327
           S4_OpenRetest  -0.155 -0.220  2961  2542  -7.026 -10.783
           S5_LevelSweep  -0.191 -0.111   888  1011  -5.517  -3.596
DAX-M5     S1_BoxReclaim  -0.040 -0.064  1391  1441  -2.490  -3.996
           S2_OpenExhaust -0.160 -0.126   381   393  -2.541  -2.088
           S3_IBBreak     -0.354 -0.554    46    22  -2.957  -1.509
           S4_OpenRetest  -0.108 -0.119   953   935  -2.980  -3.228
           S5_LevelSweep  -0.074  0.115   450   415  -1.483   2.094
EURCHF-M15 S1_BoxReclaim  -0.224 -0.232  1910  1782 -19.158 -19.292
           S2_OpenExhaust -0.296 -0.318   190   183  -5.136  -5.796
           S3_IBBreak     -0.351 -0.349  1959  2200 -23.779 -26.426
           S4_OpenRetest  -0.350 -0.344  2249  1850 -21.658 -19.420
           S5_LevelSweep  -0.319 -0.262  1272  1128 -15.621 -11.434
EURGBP-M15 S1_BoxReclaim  -0.166 -0.199  2123  1871 -14.773 -16.321
           S2_OpenExhaust -0.255 -0.314   221   198  -4.779  -5.506
           S3_IBBreak     -0.254 -0.257  2372  2342 -17.677 -17.805
           S4_OpenRetest  -0.313 -0.300  2755  2226 -19.983 -17.441
           S5_LevelSweep  -0.248 -0.291  1324  1162 -11.631 -12.630
EURJPY-M15 S1_BoxReclaim  -0.122 -0.156  2270  1939 -10.435 -12.571
           S2_OpenExhaust -0.101 -0.239   272   231  -1.853  -4.364
           S3_IBBreak     -0.154 -0.197  2541  2563  -9.456 -13.295
           S4_OpenRetest  -0.187 -0.219  2894  2311 -10.971 -11.897
           S5_LevelSweep  -0.153 -0.176  1358  1263  -6.628  -7.444
EURUSD-M15 S1_BoxReclaim  -0.065 -0.093  2280  1896  -5.730  -7.340
           S2_OpenExhaust -0.086 -0.161   301   242  -1.750  -2.840
           S3_IBBreak     -0.154 -0.144  2932  2685 -10.525  -9.477
           S4_OpenRetest  -0.201 -0.149  2886  2335 -11.427  -7.687
           S5_LevelSweep  -0.110 -0.077  1399  1336  -4.795  -3.122
EURUSD5-M5 S1_BoxReclaim  -0.087 -0.064   962  1035  -4.499  -3.514
           S2_OpenExhaust -0.143 -0.129   312   376  -2.220  -2.130
           S3_IBBreak     -0.186 -0.122  1111  1323  -7.167  -5.100
           S4_OpenRetest  -0.261 -0.136   811   972  -7.524  -4.084
           S5_LevelSweep  -0.129 -0.089   355   433  -2.369  -1.779
FTSE-M5    S1_BoxReclaim  -0.097 -0.096  1503  1438  -6.316  -6.016
           S2_OpenExhaust -0.233 -0.276   422   348  -4.142  -4.730
           S3_IBBreak     -0.401 -0.471    29    17  -2.110  -2.455
           S4_OpenRetest  -0.231 -0.266   905   854  -6.929  -7.805
           S5_LevelSweep  -0.189 -0.243   453   411  -4.057  -5.126
GBPJPY-M15 S1_BoxReclaim  -0.111 -0.120  2134  1979  -9.226  -9.922
           S2_OpenExhaust -0.236 -0.294   255   229  -4.630  -5.657
           S3_IBBreak     -0.186 -0.202  2652  2427 -12.103 -13.392
           S4_OpenRetest  -0.201 -0.238  2950  2295 -12.070 -12.820
           S5_LevelSweep  -0.165 -0.209  1388  1171  -7.162  -8.851
GBPUSD-M15 S1_BoxReclaim  -0.098 -0.076  2060  1836  -8.005  -6.099
           S2_OpenExhaust -0.187 -0.179   277   242  -3.674  -3.349
           S3_IBBreak     -0.157 -0.134  2976  2682 -10.904  -8.754
           S4_OpenRetest  -0.163 -0.169  2913  2329  -9.629  -8.958
           S5_LevelSweep  -0.111 -0.118  1347  1252  -4.746  -4.732
NAS100-M5  S1_BoxReclaim  -0.057 -0.042  1616  1509  -3.774  -2.672
           S2_OpenExhaust -0.037 -0.026   352   361  -0.553  -0.391
           S3_IBBreak        NaN    NaN     0     0     NaN     NaN
           S4_OpenRetest  -0.097 -0.057  1018   921  -2.770  -1.542
           S5_LevelSweep  -0.027 -0.141   512   476  -0.571  -2.900
NQ-M1-RTH  S1_BoxReclaim   0.038  0.049    88    89   0.513   0.802
           S2_OpenExhaust  0.269 -0.120    33    33   1.044  -0.498
           S3_IBBreak      0.128 -0.049    67    67   1.090  -0.377
           S4_OpenRetest   0.155 -0.071    69    69   1.099  -0.524
           S5_LevelSweep  -0.305 -0.584    42    43  -1.841  -4.530
US30-M5    S1_BoxReclaim  -0.064 -0.045  1522  1555  -4.198  -2.916
           S2_OpenExhaust -0.132 -0.031   405   378  -2.177  -0.468
           S3_IBBreak        NaN    NaN     0     0     NaN     NaN
           S4_OpenRetest  -0.040 -0.077   961   916  -1.104  -2.087
           S5_LevelSweep  -0.092 -0.079   491   508  -1.959  -1.669
US500-M5   S1_BoxReclaim  -0.074 -0.064  1506  1492  -4.771  -4.035
           S2_OpenExhaust -0.158 -0.054   360   384  -2.624  -0.831
           S3_IBBreak     -0.338 -0.273    48    16  -2.920  -1.168
           S4_OpenRetest  -0.184 -0.130   979   895  -5.400  -3.588
           S5_LevelSweep  -0.285 -0.031   483   492  -6.360  -0.648
USDCAD-M15 S1_BoxReclaim  -0.125 -0.137  1995  1722 -10.162 -10.210
           S2_OpenExhaust -0.152 -0.205   320   270  -3.329  -3.987
           S3_IBBreak     -0.183 -0.200  3011  2821 -13.197 -14.322
           S4_OpenRetest  -0.213 -0.173  2838  2370 -12.373  -9.363
           S5_LevelSweep  -0.157 -0.167  1375  1358  -6.802  -7.129
USDCHF-M15 S1_BoxReclaim  -0.141 -0.156  2077  1792 -11.932 -12.647
           S2_OpenExhaust -0.227 -0.255   276   222  -4.515  -4.669
           S3_IBBreak     -0.239 -0.222  2798  2646 -16.493 -16.139
           S4_OpenRetest  -0.282 -0.233  2681  2100 -16.844 -12.376
           S5_LevelSweep  -0.200 -0.179  1414  1314  -9.008  -7.798
USDJPY-M15 S1_BoxReclaim  -0.084 -0.115  2190  1856  -7.005  -9.048
           S2_OpenExhaust -0.125 -0.164   274   291  -1.891  -3.265
           S3_IBBreak     -0.107 -0.152  3049  2743  -6.843 -10.273
           S4_OpenRetest  -0.151 -0.178  2861  2300  -8.374  -9.379
           S5_LevelSweep  -0.075 -0.127  1305  1228  -3.096  -4.983
XAU5-M5    S1_BoxReclaim  -0.108 -0.095  1510  1505  -7.286  -6.483
           S2_OpenExhaust -0.267 -0.163   309   376  -4.570  -2.874
           S3_IBBreak        NaN    NaN     0     0     NaN     NaN
           S4_OpenRetest  -0.244 -0.235   826   895  -7.241  -7.037
           S5_LevelSweep  -0.174 -0.143   371   458  -3.344  -3.124
XAUUSD-M1  S1_BoxReclaim  -0.102 -0.087  3282  3365 -10.619  -8.834
           S2_OpenExhaust -0.222 -0.128  1117  1269  -7.278  -4.020
           S3_IBBreak     -0.205 -0.149  4305  4258 -16.527 -10.987
           S4_OpenRetest  -0.276 -0.164  3011  3175 -15.912  -8.977
           S5_LevelSweep  -0.184 -0.119  1305  1400  -7.016  -4.407
XAUUSD-M15 S1_BoxReclaim  -0.137 -0.103  2049  1635 -11.577  -8.233
           S2_OpenExhaust -0.160 -0.281   281   216  -3.286  -5.177
           S3_IBBreak     -0.195 -0.183  3816  2717 -17.160 -12.604
           S4_OpenRetest  -0.225 -0.215  3031  2242 -14.102 -10.481
           S5_LevelSweep  -0.104 -0.145  1456  1191  -4.897  -5.909

=== pooled ===
series 22  sleeves 5  trades 308,522  mean net R -0.1712  win rate 0.367
dev: cells (series x sleeve, n>=100) 99   avgR>0: 0   t>=2: 0   trade-weighted avgR -0.1746
oos: cells (series x sleeve, n>=100) 99   avgR>0: 1   t>=2: 1   trade-weighted avgR -0.1678
cells positive in BOTH periods: 0 of 99
